1 1 1 1 1 0 0 0 0 0 0 0 0 0 0 0 0 5 0 0 0 0 0 0
1 1 1 1 1 0 0 0 0 0 0 0 0 0 0 0 0 5 0 0 0 0 0 0
1 1 1 1 1 0 0 0 0 0 0 0 0 0 0 0 0 5 0 3 3 3 3 0
1 1 1 1 0 0 0 0 0 0 0 0 0 0 0 0 0 5 0 3 3 3 3 0
1 1 1 0 0 0 0 0 0 0 0 0 0 0 0 0 0 5 0 3 3 3 3 0
0 0 0 0 0 0 0 0 0 0 0 0 0 0 0 0 0 5 0 0 0 0 0 0
0 0 0 0 0 0 0 0 0 0 0 0 0 0 0 0 0 5 0 0 0 0 0 0
0 0 0 0 0 0 0 0 0 0 0 0 0 0 0 0 0 5 0 0 0 0 0 0
13 13 13 13 13 13 13 13 18 13 13 13 13 13 16 0 0 7 6 6 6 9 0 0
0 0 0 0 0 0 0 0 12 0 0 0 0 0 12 0 0 0 0 0 0 5 0 0
0 0 0 0 0 0 0 0 12 0 0 0 0 0 12 0 0 0 0 0 0 5 3 3
0 0 0 0 0 0 0 0 12 0 0 0 0 0 12 0 0 0 0 0 0 5 3 3
0 0 0 0 0 0 0 0 12 0 0 0 0 0 12 0 0 0 0 0 0 5 3 3
13 13 13 13 13 13 13 13 18 13 13 13 13 13 17 0 0 0 0 1 1 5 3 3
0 0 3 3 3 0 0 0 12 0 0 0 0 0 0 0 0 0 0 1 1 7 6 6
0 0 3 3 3 0 0 0 12 0 0 0 0 0 0 0 0 0 0 1 1 1 1 1
0 0 3 3 3 0 0 0 12 0 0 0 0 0 0 0 0 0 0 1 1 1 1 1
0 0 3 3 3 0 0 0 12 0 0 0 0 0 0 0 0 0 0 1 1 1 1 1