3 3 3 3 5 0 0 0 0 0 12 0 0 12 0 0 0 0 5 1 1 1 1 1
3 3 3 3 5 0 0 0 0 0 12 0 0 12 0 0 0 0 5 1 1 1 1 1
3 3 3 3 5 0 0 0 0 0 12 0 0 12 0 0 0 0 5 1 1 1 1 1
3 3 3 3 5 0 0 0 0 0 12 0 0 12 0 0 0 0 5 1 1 1 1 1
6 6 6 6 10 0 0 0 0 0 12 0 0 12 0 0 0 0 5 1 1 1 1 1
0 0 0 0 0 0 0 0 0 0 12 0 0 12 0 0 0 0 7 6 6 6 6 6
0 0 0 0 0 0 0 15 13 13 17 0 0 14 13 13 16 0 0 0 0 0 0 0
0 0 0 0 0 0 0 12 0 0 0 0 0 0 0 0 12 0 0 0 0 0 0 0
13 13 13 13 13 13 13 17 0 0 0 0 0 0 0 0 14 13 13 13 13 13 13 13
13 13 13 13 13 13 13 16 0 0 0 0 0 0 0 0 15 13 13 13 13 13 13 13
0 0 0 0 0 0 0 12 0 0 0 0 0 0 0 0 12 0 0 0 0 0 0 0
0 0 0 0 0 0 0 14 13 13 16 0 0 15 13 13 17 0 0 0 0 0 0 0
0 0 0 0 0 0 0 0 0 0 12 0 0 12 0 0 0 0 0 0 0 0 0 0
1 1 1 1 1 0 0 0 0 0 12 0 0 12 0 0 0 0 0 0 0 0 0 0
1 1 1 1 1 0 0 0 0 0 12 0 0 12 0 0 0 0 0 0 0 0 0 3
1 1 1 1 1 0 0 0 0 0 12 0 0 12 0 0 0 0 0 0 0 0 3 3
1 1 1 1 1 0 0 0 0 0 12 0 0 12 0 0 0 0 0 0 0 3 3 3
1 1 1 1 1 0 0 0 0 0 12 0 0 12 0 0 0 0 0 0 3 3 3 3
